2.124931266058736945e+00
1.597142942233888752e+00
4.940301193587625095e-01
5.394618196853759873e-01
3.509928025622993109e-01
3.249685105486417314e-01
2.525278613684194817e-01
1.318719860584314230e-01
6.137197719477831548e-01
2.801429711883939300e-01
1.345066423061242189e-01
1.007030125943693677e-01
8.234722150796487672e-02
2.431212493269614972e-01
7.023182476499377769e-01
1.436042277036167214e-01
1.028499664562041449e-01
4.963678412520682315e-01
2.219984399647251250e-01
1.609817697549425497e-01
9.158455186770723955e-02
8.297982936509565310e-02
7.483656639342448069e-02
6.764507563293242765e-02
6.142950376772732951e-02
5.716472695472894772e-02
5.186156039103877874e-02
4.663017856088459007e-02
4.324018644198263095e-02
3.897646530841001461e-02
3.459530772237570662e-02
3.340300009564197564e-02
3.386589156178661242e-02
3.120628118017084590e-02
2.859509867449814419e-02
2.589334336352467139e-02
2.328373179924902656e-02
2.213338840983405595e-02
1.886127118301986899e-02
1.843328136025148764e-02
1.642905066908764700e-02
1.369841510457065446e-02
1.270796135287149270e-02
1.422060728002377296e-02
1.139252555465157177e-02
1.162926774136714692e-02
1.231603521073591084e-02
1.154056988131503883e-02
1.236092545217022665e-02
1.110401762005626576e-02
