2.734833333333333272e+01
4.325666666666666771e+01
8.645166666666666799e+01
8.737500000000000000e+01
9.226500000000000057e+01
9.304333333333333655e+01
9.405500000000000682e+01
9.696833333333333371e+01
8.628000000000000114e+01
9.389333333333333087e+01
9.670333333333333314e+01
9.756333333333333258e+01
9.802333333333332632e+01
9.696333333333333826e+01
9.100499999999999545e+01
9.643833333333333258e+01
9.745000000000000284e+01
8.966666666666667140e+01
9.460666666666666913e+01
9.671833333333333371e+01
9.768166666666667197e+01
9.779333333333333655e+01
9.800166666666666515e+01
9.820666666666666345e+01
9.836833333333333940e+01
9.848499999999999943e+01
9.860333333333333883e+01
9.876999999999999602e+01
9.884333333333333371e+01
9.893999999999999773e+01
9.898833333333332973e+01
9.910500000000000398e+01
9.914333333333333087e+01
9.913500000000000512e+01
9.924500000000000455e+01
9.930666666666667197e+01
9.934166666666666856e+01
9.940333333333333599e+01
9.948000000000000398e+01
9.946833333333333371e+01
9.956499999999999773e+01
9.964833333333332632e+01
9.966666666666667140e+01
9.963500000000000512e+01
9.968999999999999773e+01
9.967333333333333201e+01
9.968666666666666742e+01
9.968333333333333712e+01
9.968333333333333712e+01
9.972333333333332916e+01
