6.930246913580246826e+01
7.435185185185184764e+01
7.829012345679012697e+01
8.230246913580246826e+01
8.529629629629629051e+01
8.774691358024691112e+01
9.199382716049382225e+01
9.327160493827160792e+01
9.450000000000000000e+01
9.448765432098765871e+01
9.509259259259259522e+01
9.552469135802469680e+01
9.648765432098765871e+01
9.671604938271605079e+01
9.695679012345678416e+01
9.688271604938272219e+01
9.708024691358025393e+01
9.736419753086420315e+01
9.719135802469135399e+01
9.727160493827160792e+01
