6.426039162113910130e-01
5.694252630387703906e-01
5.276262588857665303e-01
4.782737906523576998e-01
4.298199920907733729e-01
3.806973933938920251e-01
3.487611919289498874e-01
3.178269485319693000e-01
2.793487188970948942e-01
2.605557045129340277e-01
2.034560268319497989e-01
1.738669754365297637e-01
1.626382298239572866e-01
1.529958734039481294e-01
1.535227551146989833e-01
1.502073355693751555e-01
1.335958072835007615e-01
1.289422281790436609e-01
1.256704022887888961e-01
1.243655832821694007e-01
1.087189918662619381e-01
1.023891876913665816e-01
9.758318431756099476e-02
9.858144279276057076e-02
1.013882289251943208e-01
9.523477825504822469e-02
9.836512243771176889e-02
9.090781305901940446e-02
9.881714362592443346e-02
9.936969705278009268e-02
8.952034921495347075e-02
8.893153627263748751e-02
9.040268222016729915e-02
8.957840929057185597e-02
9.020827789094269800e-02
9.415983505855042568e-02
9.306263839679322636e-02
9.189975500018812693e-02
9.233481585099471978e-02
8.973359909113937105e-02
