6.095990706381835267e-01
5.242205061546461042e-01
4.528675721151622091e-01
3.867658803195465067e-01
3.370815919140192629e-01
2.879492129514536480e-01
2.006226679178204075e-01
1.672552303066403845e-01
1.422582127549868736e-01
1.348008991358435049e-01
1.214082709689602579e-01
1.119153886212138627e-01
9.497231425438809604e-02
8.392757720746628347e-02
8.060726018505186274e-02
7.950381421521636460e-02
7.928233215856680949e-02
7.405115106678385184e-02
7.397202426919669005e-02
7.021876327018802821e-02
