6.706172839506173489e+01
6.977160493827160792e+01
7.333333333333332860e+01
7.685802469135802539e+01
8.019753086419753174e+01
8.271604938271605079e+01
8.454938271604937938e+01
8.607407407407407618e+01
8.777160493827160792e+01
8.876543209876543017e+01
9.159876543209875877e+01
9.282716049382716506e+01
9.338271604938272219e+01
9.381481481481480955e+01
9.382716049382716506e+01
9.399382716049382225e+01
9.477160493827160792e+01
9.491975308641974607e+01
9.477777777777777146e+01
9.510493827160493652e+01
9.576543209876543017e+01
9.591358024691358253e+01
9.634567901234568410e+01
9.616666666666667140e+01
9.587037037037036669e+01
9.625308641975308888e+01
9.612345679012345556e+01
9.648765432098765871e+01
9.606172839506173489e+01
9.628395061728394921e+01
9.643209876543210157e+01
9.658024691358025393e+01
9.640740740740740478e+01
9.653703703703703809e+01
9.639506172839506348e+01
9.622222222222222854e+01
9.637037037037036669e+01
9.651234567901234129e+01
9.629012345679012697e+01
9.657407407407407618e+01
